379786
345253
955585
340890
841300
952502
537853
271002
100717
909702
240930
557886
1052276
870229
1032661
988598
662260
934359
203640
1094577
181943
142727
739631
190214
685226
722754
669917
605001
282442
470810
451046
541890
426065
981579
244371
853664
717288
742408
935608
437513
288839
588082
250160
749343
1029311
105671
422431
514361
422903
763890
472914
922893
299176
112533
866010
1023493
322028
288410
1028588
739326
136953
600359
716096
499053
729178
253060
582814
950715
712127
648715
383608
623286
193723
697572
768365
743081
222874
146863
444773
460407
778943
250393
500239
340108
618000
971715
828033
988026
459332
745134
798834
370345
970723
270477
687942
249746
485968
528460
258614
221467
360691
1055688
741748
652855
635117
152368
440981
535804
924286
640511
202353
778055
605055
221783
126998
1055405
140848
1082859
606691
647055
774200
1048703
600766
557343
769919
769004
775465
848397
1038003
658358
1047736
509302
474138
596269
154684
857251
374980
150811
936064
956819
453133
106906
647915
119951
183815
401922
1084652
757789
713669
1087124
313085
219786
762266
677085
519394
304352
979370
615513
590533
793863
149015
1047994
190795
274189
924570
583349
510729
1048606
600309
363425
176151
925511
1038548
700732
213423
774004
470728
451727
910539
335954
653946
528972
1012027
116330
399292
1044527
1088062
972101
1019797
343374
804658
543551
1041510
426048
958622
880356
890060
551531
566488
774623
166092
523269
832719
820539
898902
799132
1057812
507771
641435
1006365
710734
1049596
204613
985457
998545
1067824
691479
403866
756202
131969
912174
1088512
279675
1000526
432695
755665
901783
824719
1013067
106019
977688
531277
510852
1003269
377263
959600
684521
542257
483095
1090215
374232
714623
189334
131832
940010
940670
1071899
532611
711615
866131
800502
330961
373698
409084
685710
393236
842580
223523
271920
111466
307942
277469
930726
985390
832312
129959
1090117
622372
669334
1008155
372257
1042505
556910
596046
806529
586751
845884
858180
855333
1009776
305285
130348
998768
783506
425031
117193
1098851
881115
509857
139356
1022551
709861
521346
1025687
886775
918588
185561
645979
935616
811023
809166
299242
326311
761801
671748
451904
430210
209945
864620
581073
846836
1049671
386809
249667
557940
688476
416088
122773
703347
225180
225531
987059
914753
649180
435100
389392
606473
867498
910013
703672
1056005
723062
438767
892004
929123
325355
1036482
961377
607690
591495
911610
108178
608554
1096828
1052965
286880
535729
165343
178142
952228
166975
594488
1093856
435711
236288
522590
755246
427542
281677
844373
881125
543050
579284
391983
338668
230109
1050628
573167
533261
288701
294468
402682
842758
810401
998809
560983
129095
364977
745502
910101
934908
761795
374621
998198
815410
799088
180782
334936
1014800
316875
392875
181347
276350
678766
806983
705627
463764
633578
823580
547919
882930
968024
292534
317372
349275
670519
799471
311881
437327
635431
832201
251062
529486
273297
310883
564345
974042
237335
369664
946078
1048559
883804
358283
872764
657760
535458
959994
257705
787440
543653
264132
525228
887763
945094
1088603
439679
973349
528058
857807
612063
573310
480794
550942
916838
950712
779292
217858
929009
788345
547560
822350
559718
932109
461658
303232
603420
283935
586604
129661
690318
283194
559131
868402
779525
1035609
313568
1071714
915739
657260
1024317
1088071
887742
807983
986164
370560
582671
995433
604931
861243
197474
187068
626303
890288
942012
284155
206471
903488
1095514
941725
677905
516497
217313
717097
827459
377737
934584
126017
1004905
703543
224923
457352
644487
987988
437182
286703
578048
219830
164021
243064
806161
998187
272510
850234
105086
401351
155477
292075
1002010
768797
234977
483043
177809
871210
795979
732338
878859
393203
564286
854545
954364
1059470
625243
268538
735770
200489
323420
813230
313177
961021
259286
109949
720421
391601
987953
716800
323235
645899
1019758
743807
826869
345105
215064
238473
132598
632889
441309
566059
501604
713275
304423
579419
929991
1014590
335070
1076796
657849
364308
792944
951119
222756
1062770
749144
567724
373525
819847
897668
253946
284168
732550
733613
723242
476580
467772
557789
318973
686382
1036706
639241
722130
825084
313231
902804
303889
164346
556535
219054
471561
978695
1038245
517175
629466
756989
150620
365092
483829
618191
235603
450161
686536
840548
249505
716645
1033799
522050
1057082
1028577
309965
526766
556131
292326
530158
789124
315954
1099371
726033
1043472
1059832
897677
466242
302633
255390
797446
532248
793233
348642
642691
310610
924025
396747
973074
717921
646905
1038566
110075
1031635
993356
1023482
105759
210742
823572
555430
292750
185850
549189
993053
265214
547497
302197
459736
397361
966887
376449
947815
1068558
427170
200354
1002464
110047
536815
768085
741332
965617
517651
526763
801787
1040573
648584
659896
664160
615474
316566
269761
811707
676796
808858
148213
496364
962129
304306
1088631
269510
227699
552249
596524
1007240
850208
1071265
846352
809384
865976
384831
491863
365737
554985
518680
413712
789330
521661
267966
793344
226410
999219
905672
610952
246352
1013079
771593
610756
794304
548609
893079
461888
353315
794420
775214
106378
1057006
540500
756199
636685
674023
358198
160632
686547
726995
447473
604044
887205
452436
612505
799798
914686
714812
293310
897637
1034452
398115
1084925
113692
431844
193479
694331
664037
219199
589532
760867
384374
571313
657421
947915
628079
551486
164096
342285
153186
807464
814828
306638
717400
799647
206421
765332
957551
386635
463379
579645
661297
234270
596294
579267
391267
434245
972137
594537
906139
576922
700739
225833
208229
905304
539508
377100
512586
461583
207778
769093
675967
462867
473637
133231
392695
663729
417404
217662
1028415
370851
954240
668444
863104
501517
1051365
574985
376874
1054873
883235
125039
837056
726621
301344
998394
616015
254183
440692
367427
271672
780477
545641
714562
291495
597301
699392
859853
1086856
285962
721724
1097043
669702
240818
221102
325863
625948
503163
1007041
158643
132687
633951
134313
413544
1007759
915367
604766
1062624
345528
167341
219064
1063938
158875
1019496
920394
598115
648092
504103
201349
1059983
350898
606060
381083
170725
493932
110492
434894
632815
208006
751314
406914
829616
813741
738936
795830
284046
1027486
721455
338883
137674
448339
1076490
516897
588367
487870
289356
1067199
752944
145076
559032
797800
246598
177678
770450
1014412
239487
665028
887123
602796
160113
478761
822159
903266
918183
382023
581756
483946
581312
449893
977651
832237
481361
405851
854124
618736
737060
867628
812456
1099472
830437
539529
275464
260320
245185
893181
965378
199260
761354
727969
656943
814141
299728
228220
163910
819120
228948
765475
612893
789990
734039
555564
877927
653811
112763
638578
931937
901699
666939
532617
441938
406535
476672
589413
705967
304174
127066
977758
153152
660666
112600
372212
339602
308760
742285
752974
579067
714080
968085
104955
611341
1086802
620518
1039803
961171
254650
734371
676820
172289
321765
216102
949366
837258
833928
404761
538249
400424
640191
452217
447070
954891
445183
430238
963795
358065
775544
258758