846653
443834
720031
399048
564948
184477
966545
665592
346241
255139
624667
473768
301559
1081845
398195
594090
996909
928641
335616
963478
692380
118031
1033715
551749
966507
692478
294278
220953
342255
642956
686728
120905
835353
165468
408483
402057
831283
577920
803257
985571
234643
291843
153916
474762
476670
756812
438018
192776
828359
977324
492309
167708
480644
337463
350291
992088
526758
450988
451353
1027829
757243
490993
987594
777773
529571
586956
220157
339733
758104
173999
583603
320295
745566
526901
904798
1001972
1067426
957350
1059706
774796
812233
625459
121759
458665
791193
261801
316517
683924
773531
1029054
223508
243667
643988
843929
238961
728282
328010
280186
107116
449078